globo	00 402681	101227	749932
globo	01 943343	394308	188814
globo	02 349509	798101	58060
globo	03 516932	837576	429938
globo	04 369502	589888	402943
globo	05 827549	174920	806827
globo	06 447183	507295	565270
globo	07 995018	767537	812325
globo	08 764105	445213	898008
globo	09 749660	656814	907406
globo	10 904241	769603	182007
globo	11 809399	306650	285345
globo	12 237722	775759	160716
globo	13 700746	99161	749960
globo	14 923228	323844	674444
globo	15 159115	152034	661131
globo	16 252426	997692	423237
globo	17 573035	290356	747779
globo	18 235485	83841	188234
globo	19 150566	974929	713985
globo	20 752052	104230	684080
globo	21 370259	729020	544611
globo	22 604377	226537	601639
globo	23 932048	688983	20676
globo,00,0.0,7.318408966064453,729.9039549827576,
wabc,00,0.0,9.175785541534424,393.72792410850525,
